Pb = [0.53151, 10.0627, 0.000811057, 0.0142309, 3.00035, 1.10122, -0.00931855, 0.0135568, 0.0296092, 1.1316, 5.09696, -0.036601, 0.00781326, 0.929642, 0.130792, 0.000531151, 0.000958207, 0.0196323, 0.13742, 5.01698, 0.0134498, 0.00774561, 1.30883, 0.457368, -0.00578521, -0.0139302, -0.00307844, 0.466904, 0.954849, -0.024785, 0.00309203, -0.286423, 0.0465131, 0.00607404, -0.0034507, -0.00659333, 0.0521167, 1.99832, 0.014847, -0.0148274, 0.152681, 0.0720264, -0.0105593, 0.00568894, -0.00166185, 0.0727083, 1.0371, -0.00795955, 0.000430788, 0.00482754, -0.00727855, -0.00782562, -0.00779483, 0.00748447, 0.0496921, 1.00892, -0.000381248]
Ps = [1, 0, 0, 0, 0, 0, 0, 0, 0, 0.269807, 10.0627, 0.000811057, 1, 0.0142309, 1.00035, 0, 0.301216, -0.00931855, 0.0135568, 0, 0.0296092, 0.3316, 5.09696, -0.036601, 1, 0.00781326, 0.255642, 0, 0.0172233, 0.000531151, 0.000958207, 0, 0.0196323, 0.0238513, 5.01698, 0.0134498, 1, 0.00774561, 0.108827, 0, -0.0226316, -0.00578521, -0.0139302, 0, -0.00307844, -0.0130958, 0.954849, -0.024785, 1, 0.00309203, -0.0138228, 0, 0.00935767, 0.00607404, -0.0034507, 0, -0.00659333, 0.0149614, 1.99832, 0.014847, 1, -0.0148274, 0.152681, 0, 0.0720264, -0.0105593, 0.00568894, 0, -0.00166185, 0.0727083, 1.0371, -0.00795955, 1, 0.000430787, 0.00482754, 0, -0.00727855, -0.00782562, -0.00779483, 0, 0.00748447, 0.0496921, 1.00892, -0.000381248]
