% %
tau_iden = [-0.0199631, -43.815, -6.37356, -14.3667, 2.77744, -1.49073, -0.0486396;...
-0.0268241, -43.8172, -6.37362, -14.3179, 2.77845, -1.49091, -0.0483061;...
-0.0333463, -43.8195, -6.37363, -14.3187, 2.77945, -1.49107, -0.0479228;...
-0.0393315, -43.8217, -6.37357, -14.3195, 2.78048, -1.49123, -0.0474764;...
-0.0445772, -43.8241, -6.37342, -14.3204, 2.78158, -1.4914, -0.0469544;...
-0.0488838, -43.8267, -6.37317, -14.3212, 2.7828, -1.49157, -0.0463451;...
-0.0520581, -43.8297, -6.3728, -14.3222, 2.78417, -1.49177, -0.0456386;...
-0.0555426, -43.8331, -6.37229, -14.3234, 2.78575, -1.49201, -0.0448268;...
-0.0559332, -43.764, -6.37163, -14.3248, 2.78757, -1.4923, -0.0439041;...
-0.0547172, -43.7688, -6.37082, -14.3264, 2.7897, -1.49266, -0.0428676;...
-0.0517895, -43.7745, -6.36984, -14.3283, 2.79217, -1.4931, -0.0417173;...
-0.0470803, -43.7812, -6.36871, -14.3306, 2.79503, -1.49363, -0.0404561;...
-0.0405595, -43.7889, -6.36741, -14.3829, 2.79832, -1.49426, -0.0398525;...
-0.0322379, -43.7978, -6.36596, -14.3861, 2.80208, -1.49501, -0.0383906;...
-0.0221695, -43.808, -6.33747, -14.3897, 2.80635, -1.4959, -0.0368444;...
-0.0104516, -43.8195, -6.33576, -14.3938, 2.81115, -1.49692, -0.0352276;...
0.00277718, -43.8322, -6.33393, -14.3984, 2.81651, -1.49809, -0.0335559;...
0.01734, -43.8463, -6.33201, -14.4036, 2.82245, -1.4994, -0.031846;...
0.0330267, -43.8616, -6.33001, -14.4092, 2.82897, -1.50087, -0.030115;...
0.0496014, -43.878, -6.32797, -14.4153, 2.83609, -1.50248, -0.0283794;...
0.0668096, -43.8956, -6.32589, -14.4218, 2.84379, -1.50424, -0.0266546;...
0.0843897, -43.9141, -6.32379, -14.4287, 2.85207, -1.50613, -0.024954;...
0.102082, -43.9333, -6.32169, -14.4359, 2.8609, -1.50814, -0.0232874;...
0.119643, -43.953, -6.31957, -14.4432, 2.87027, -1.51025, -0.021661;...
0.13686, -43.9729, -6.31746, -14.4507, 2.88013, -1.51244, -0.020076;...
0.15518, -43.9928, -6.31532, -14.4581, 2.89046, -1.51468, -0.018528;...
0.171242, -44.0124, -6.31313, -14.4653, 2.90119, -1.51695, -0.0170068;...
0.186618, -44.0312, -6.31087, -14.4722, 2.91229, -1.51921, -0.0154951;...
0.201338, -44.049, -6.30848, -14.4786, 2.92369, -1.52142, -0.0139691;...
0.215519, -44.0653, -6.30589, -14.4844, 2.93532, -1.52355, -0.0123979;...
0.229376, -44.0797, -6.30303, -14.4892, 2.94714, -1.52554, -0.0107441;...
0.243226, -44.0919, -6.2998, -14.493, 2.95906, -1.52737, -0.00896379;...
0.257492, -44.1014, -6.29609, -14.4956, 2.97104, -1.52899, -0.00700759;...
0.272698, -44.1078, -6.29177, -14.4967, 2.98299, -1.53035, -0.00482165;...
0.289469, -44.1107, -6.28672, -14.4962, 2.99487, -1.53141, -0.00234852;...
0.308521, -44.1099, -6.28076, -14.4938, 3.00662, -1.53213, 0.000471166;...
0.330649, -44.1049, -6.27376, -14.4895, 3.01818, -1.53248, 0.00369715;...
0.356714, -44.0955, -6.26553, -14.483, 3.02952, -1.53241, 0.00738763;...
0.387619, -44.0815, -6.25591, -14.4742, 3.04061, -1.5319, 0.0115976;...
0.424295, -44.0625, -6.24472, -14.463, 3.05142, -1.53092, 0.0163765;...
0.467671, -44.0385, -6.23179, -14.4493, 3.06195, -1.52946, 0.0217667;...
0.518647, -44.0094, -6.21696, -14.4331, 3.0722, -1.5275, 0.0278006;...
0.578073, -43.975, -6.20008, -14.4141, 3.08219, -1.52504, 0.0345003;...
0.646712, -43.9355, -6.181, -14.3926, 3.09195, -1.52209, 0.0418745;...
0.725222, -43.8908, -6.15962, -14.3683, 3.10153, -1.51864, 0.0499181;...
0.814124, -43.8411, -6.13583, -14.3414, 3.11097, -1.51472, 0.0586101;...
0.913761, -43.7864, -6.10956, -14.312, 3.12034, -1.51036, 0.0679146;...
1.02432, -43.727, -6.08079, -14.28, 3.12973, -1.50557, 0.0777786;...
1.14574, -43.6632, -6.04949, -14.2457, 3.13919, -1.50041, 0.0881338;...
1.2778, -43.5951, -6.0157, -14.2091, 3.14882, -1.49491, 0.0988963;...
1.41998, -43.523, -5.97949, -14.1704, 3.1587, -1.48912, 0.109969;...
1.57157, -43.4473, -5.94095, -14.1298, 3.1689, -1.48309, 0.121241;...
1.73161, -43.3682, -5.90023, -14.0874, 3.1795, -1.47686, 0.132595;...
1.89891, -43.2861, -5.85748, -14.0434, 3.19054, -1.4705, 0.143903;...
2.07205, -43.2012, -5.81291, -13.998, 3.20209, -1.46406, 0.155036;...
2.24942, -43.1139, -5.76677, -13.9515, 3.21414, -1.45758, 0.165862;...
2.42922, -43.0245, -5.71929, -13.904, 3.22673, -1.45112, 0.176255;...
2.60952, -42.9332, -5.67078, -13.8558, 3.23982, -1.44473, 0.186094;...
2.78827, -42.8404, -5.62152, -13.807, 3.25338, -1.43845, 0.195268;...
2.96334, -42.7462, -5.57184, -13.758, 3.26733, -1.43231, 0.203681;...
3.13257, -42.651, -5.52204, -13.7088, 3.2816, -1.42636, 0.211255;...
3.29382, -42.5549, -5.47247, -13.6598, 3.29606, -1.42062, 0.217928;...
3.44504, -42.4583, -5.42344, -13.6112, 3.3106, -1.41512, 0.223662;...
3.58426, -42.3613, -5.37526, -13.5631, 3.32506, -1.40988, 0.228439;...
3.70969, -42.2642, -5.32825, -13.5158, 3.33931, -1.40494, 0.232266;...
3.81975, -42.1672, -5.28269, -13.4695, 3.35317, -1.40029, 0.235169;...
3.91312, -42.0705, -5.23884, -13.4244, 3.36651, -1.39596, 0.237197;...
3.98876, -41.9745, -5.19695, -13.3807, 3.37917, -1.39196, 0.238415;...
4.04599, -41.8795, -5.15723, -13.3387, 3.39103, -1.38832, 0.238906;...
4.08441, -41.7858, -5.11986, -13.2985, 3.40199, -1.38503, 0.238765;...
4.10406, -41.6938, -5.08498, -13.2603, 3.41195, -1.38213, 0.238095;...
4.1053, -41.6771, -5.05269, -13.2243, 3.42089, -1.37962, 0.237007;...
4.08886, -41.5897, -5.02306, -13.1908, 3.42877, -1.37752, 0.235615;...
4.05586, -41.5053, -4.99609, -13.1598, 3.4356, -1.37586, 0.234031;...
4.0077, -41.4245, -4.97178, -13.1316, 3.44144, -1.37465, 0.232364;...
3.94608, -41.3477, -4.95005, -13.1062, 3.44636, -1.37391, 0.23072;...
3.873, -41.2756, -4.9308, -13.0838, 3.45046, -1.37366, 0.229193;...
3.7906, -41.2086, -4.9139, -13.0645, 3.45386, -1.37391, 0.227869;...
3.7012, -41.1473, -4.89916, -13.0484, 3.45669, -1.37469, 0.226824;...
3.60721, -41.0921, -4.88639, -13.0354, 3.45911, -1.37598, 0.226122;...
3.51104, -41.0437, -4.87535, -13.0256, 3.46126, -1.37781, 0.225812;...
3.41506, -41.0023, -4.86582, -13.019, 3.4633, -1.38018, 0.225934;...
3.3216, -40.9684, -4.85753, -13.0154, 3.46535, -1.38307, 0.226512;...
3.23276, -40.9421, -4.85021, -13.0148, 3.46755, -1.38647, 0.227558;...
3.15048, -40.9236, -4.84361, -13.0169, 3.46999, -1.39037, 0.229072;...
3.07641, -40.913, -4.83748, -13.0217, 3.47275, -1.39474, 0.231043;...
3.01195, -40.91, -4.83155, -13.0288, 3.47589, -1.39955, 0.233449;...
2.95816, -40.9145, -4.82561, -13.0379, 3.47942, -1.40475, 0.236257;...
2.91575, -40.9261, -4.81943, -13.0488, 3.48334, -1.41031, 0.239427;...
2.88513, -40.9442, -4.81282, -13.0611, 3.4876, -1.41617, 0.242912;...
2.86631, -40.9681, -4.80562, -13.0743, 3.49214, -1.42227, 0.246658;...
2.85899, -40.997, -4.79769, -13.0881, 3.49685, -1.42854, 0.250606;...
2.86258, -41.0299, -4.78891, -13.1019, 3.50159, -1.43493, 0.254696;...
2.87616, -41.0658, -4.77919, -13.1154, 3.50623, -1.44135, 0.258866;...
2.8986, -41.1035, -4.76846, -13.1281, 3.51059, -1.44774, 0.263051;...
2.92854, -41.1418, -4.7567, -13.1395, 3.51448, -1.45401, 0.26719;...
2.96442, -41.1794, -4.74388, -13.149, 3.5177, -1.46011, 0.271225;...
3.0046, -41.2151, -4.73002, -13.1564, 3.52007, -1.46595, 0.275097;...
3.04732, -41.2476, -4.71515, -13.161, 3.52138, -1.47147, 0.278756;...
3.09081, -41.2755, -4.69932, -13.1627, 3.52144, -1.4766, 0.282154;...
3.13333, -41.2978, -4.68258, -13.161, 3.52007, -1.4813, 0.28525;...
3.17316, -41.3135, -4.66502, -13.1556, 3.5171, -1.48552, 0.288009;...
3.20868, -41.3215, -4.64672, -13.1463, 3.5124, -1.48921, 0.290403;...
3.23841, -41.3211, -4.62779, -13.1329, 3.50584, -1.49238, 0.29241;...
3.26102, -41.3116, -4.60833, -13.1154, 3.49732, -1.49498, 0.294017;...
3.27534, -41.2927, -4.58844, -13.0937, 3.48678, -1.49705, 0.295213;...
3.28041, -41.2641, -4.56826, -13.0678, 3.47418, -1.49858, 0.295999;...
3.27546, -41.2258, -4.54789, -13.0379, 3.4595, -1.49962, 0.296376;...
3.25993, -41.1779, -4.52746, -13.0042, 3.44277, -1.5002, 0.296356;...
3.23348, -41.1208, -4.50708, -12.9668, 3.42402, -1.50039, 0.295951;...
3.19593, -41.0552, -4.48689, -12.9262, 3.40333, -1.50025, 0.295181;...
